Name :  UAIE-n50-k10-2
Comment : (Based off of Augerat et al)
Type : CVRP 
DIMENSION : 50
EDGE_WEIGHT_TYPE : EUC_2D 
CAPACITY : 35
NODE_COORD_SECTION  
1 58 65
2 83 98
3 91 44
4 71 52
5 98 16
6 92 59
7 68 95
8 92 73
9 49 45
10 40 10
11 16 22
12 26 93
13 76 56
14 48 100
15 79 51
16 19 42
17 45 84
18 11 31
19 76 80
20 27 32
21 40 52
22 82 7
23 50 24
24 71 66
25 7 67
26 21 59
27 6 82
28 91 54
29 100 64
30 83 42
31 61 30
32 89 68
33 10 97
34 37 76
35 95 46
36 19 58
37 25 40
38 24 32
39 35 53
40 38 31
41 97 17
42 3 84
43 18 1
44 19 81
45 51 87
46 95 47
47 41 10
48 28 51
49 12 100
50 33 64
DEMAND_SECTION  
1 0  
2 13 
3 14 
4 7 
5 4 
6 18 
7 23 
8 17 
9 15 
10 23 
11 25 
12 16 
13 11 
14 19 
15 5 
16 8 
17 9 
18 24 
19 15 
20 17 
21 9 
22 23 
23 20 
24 4 
25 19 
26 12 
27 3 
28 22 
29 24 
30 2 
31 5 
32 11 
33 13 
34 4 
35 3 
36 21 
37 9 
38 20 
39 4 
40 10 
41 22 
42 6 
43 12 
44 17 
45 11 
46 21 
47 16 
48 24 
49 4 
50 19 
DEPOT_SECTION  
1  
-1  
EOF  
