Name :  UAIE-n50-k10-4
Comment : (Based off of Augerat et al)
Type : CVRP 
DIMENSION : 50
EDGE_WEIGHT_TYPE : EUC_2D 
CAPACITY : 35
NODE_COORD_SECTION  
1 14 92
2 70 70
3 43 23
4 40 56
5 67 33
6 71 41
7 98 84
8 88 23
9 99 47
10 98 94
11 24 47
12 95 29
13 71 6
14 50 15
15 62 57
16 29 34
17 13 52
18 75 74
19 27 20
20 57 76
21 61 6
22 47 46
23 45 73
24 97 98
25 29 26
26 52 11
27 56 1
28 6 9
29 59 19
30 84 58
31 84 36
32 2 85
33 89 36
34 25 13
35 18 32
36 54 54
37 55 54
38 85 51
39 35 40
40 12 78
41 84 16
42 83 89
43 3 37
44 47 19
45 89 41
46 94 90
47 66 37
48 58 70
49 31 62
50 24 9
DEMAND_SECTION  
1 0  
2 18 
3 17 
4 2 
5 15 
6 6 
7 21 
8 2 
9 14 
10 23 
11 16 
12 25 
13 11 
14 21 
15 8 
16 16 
17 17 
18 23 
19 25 
20 3 
21 19 
22 10 
23 12 
24 24 
25 15 
26 5 
27 10 
28 7 
29 8 
30 6 
31 14 
32 9 
33 8 
34 10 
35 5 
36 25 
37 21 
38 1 
39 1 
40 5 
41 21 
42 5 
43 22 
44 13 
45 12 
46 24 
47 3 
48 11 
49 13 
50 7 
DEPOT_SECTION  
1  
-1  
EOF  
