Name :  UAIE-n50-k10-5
Comment : (Based off of Augerat et al)
Type : CVRP 
DIMENSION : 50
EDGE_WEIGHT_TYPE : EUC_2D 
CAPACITY : 35
NODE_COORD_SECTION  
1 82 22
2 69 20
3 51 85
4 73 20
5 91 15
6 59 66
7 7 25
8 71 69
9 75 84
10 28 17
11 33 40
12 23 50
13 50 70
14 16 76
15 11 47
16 96 95
17 35 23
18 55 16
19 5 96
20 77 34
21 3 47
22 79 55
23 80 88
24 7 74
25 63 45
26 50 45
27 45 48
28 53 95
29 2 70
30 29 13
31 85 94
32 7 67
33 8 36
34 73 69
35 50 87
36 48 72
37 100 92
38 31 36
39 38 26
40 79 2
41 19 23
42 33 72
43 69 48
44 54 6
45 24 44
46 91 28
47 8 55
48 73 91
49 68 59
50 98 31
DEMAND_SECTION  
1 0  
2 25 
3 3 
4 16 
5 9 
6 12 
7 2 
8 21 
9 8 
10 22 
11 14 
12 4 
13 18 
14 17 
15 15 
16 9 
17 8 
18 25 
19 5 
20 17 
21 14 
22 18 
23 15 
24 6 
25 14 
26 17 
27 22 
28 4 
29 11 
30 13 
31 17 
32 3 
33 10 
34 11 
35 20 
36 23 
37 20 
38 20 
39 16 
40 13 
41 6 
42 12 
43 21 
44 17 
45 21 
46 21 
47 23 
48 12 
49 2 
50 13 
DEPOT_SECTION  
1  
-1  
EOF  
