Name :  UAIE-n50-k10-3
Comment : (Based off of Augerat et al)
Type : CVRP 
DIMENSION : 50
EDGE_WEIGHT_TYPE : EUC_2D 
CAPACITY : 35
NODE_COORD_SECTION  
1 7 45
2 32 83
3 56 85
4 70 13
5 60 66
6 30 34
7 17 99
8 56 68
9 57 70
10 53 22
11 85 66
12 42 16
13 65 50
14 40 9
15 79 41
16 80 92
17 64 79
18 24 51
19 81 45
20 81 66
21 92 81
22 6 48
23 39 52
24 88 95
25 54 33
26 55 93
27 14 30
28 100 83
29 5 6
30 34 97
31 42 54
32 29 67
33 21 27
34 92 90
35 79 42
36 65 42
37 64 51
38 34 5
39 30 72
40 49 77
41 5 79
42 40 79
43 17 78
44 56 57
45 100 18
46 95 36
47 99 74
48 21 48
49 71 65
50 62 89
DEMAND_SECTION  
1 0  
2 3 
3 5 
4 17 
5 15 
6 25 
7 21 
8 11 
9 23 
10 13 
11 18 
12 4 
13 25 
14 15 
15 23 
16 24 
17 17 
18 19 
19 23 
20 12 
21 13 
22 3 
23 10 
24 6 
25 4 
26 24 
27 7 
28 14 
29 19 
30 25 
31 12 
32 13 
33 20 
34 11 
35 5 
36 21 
37 12 
38 8 
39 3 
40 20 
41 19 
42 8 
43 7 
44 13 
45 10 
46 2 
47 21 
48 6 
49 13 
50 17 
DEPOT_SECTION  
1  
-1  
EOF  
