Name :  UAIE-n50-k10-1
Comment : (Based off of Augerat et al)
Type : CVRP 
DIMENSION : 50
EDGE_WEIGHT_TYPE : EUC_2D 
CAPACITY : 35
NODE_COORD_SECTION  
1 54 56
2 84 38
3 12 19
4 22 53
5 6 55
6 85 87
7 4 67
8 70 40
9 23 46
10 73 67
11 54 75
12 3 94
13 25 89
14 82 63
15 44 16
16 35 63
17 84 34
18 44 72
19 50 32
20 74 96
21 54 26
22 55 5
23 7 12
24 75 30
25 51 42
26 28 55
27 70 14
28 67 90
29 90 58
30 61 99
31 76 42
32 31 20
33 94 33
34 68 57
35 89 33
36 15 79
37 46 74
38 87 12
39 6 93
40 41 18
41 15 50
42 81 9
43 77 33
44 39 14
45 21 85
46 68 45
47 81 44
48 93 64
49 73 13
50 19 10
DEMAND_SECTION  
1 0  
2 14 
3 14 
4 10 
5 21 
6 5 
7 3 
8 14 
9 6 
10 14 
11 2 
12 22 
13 22 
14 17 
15 1 
16 10 
17 18 
18 12 
19 6 
20 17 
21 19 
22 19 
23 14 
24 24 
25 1 
26 23 
27 7 
28 16 
29 21 
30 4 
31 11 
32 16 
33 9 
34 9 
35 21 
36 18 
37 11 
38 8 
39 13 
40 24 
41 19 
42 7 
43 14 
44 2 
45 14 
46 3 
47 2 
48 8 
49 19 
50 11 
DEPOT_SECTION  
1  
-1  
EOF  
